- num_of_samples:  19918
- max_value:  2542
- min_value:  1
- mean_value:  137.6551862636811
- std_value:  203.00576416973018
