- num_of_samples:  1988
- max_value:  2621
- min_value:  1
- mean_value:  137.1106639839034
- std_value:  209.19690941410258
