- num_of_samples:  1994
- max_value:  4015
- min_value:  1
- mean_value:  267.1063189568706
- std_value:  394.43760317518706
