- num_of_samples:  1988
- max_value:  2882
- min_value:  1
- mean_value:  143.5105633802817
- std_value:  225.06918316899507
