- num_of_samples:  2178
- max_value:  173943
- min_value:  42
- mean_value:  576.3659320477502
- std_value:  3798.285557822886
