- num_of_samples:  2167
- max_value:  82968
- min_value:  2
- mean_value:  330.4157821873558
- std_value:  1856.2739013056025
