- num_of_samples:  2167
- max_value:  81426
- min_value:  2
- mean_value:  306.4476234425473
- std_value:  1799.1471375666674
