- num_of_samples:  2166
- max_value:  81426
- min_value:  1
- mean_value:  233.19021237303787
- std_value:  1811.8880392236358
