- num_of_samples:  2166
- max_value:  82968
- min_value:  1
- mean_value:  256.3513388734995
- std_value:  1870.7341293340373
