- num_of_samples:  2172
- max_value:  173943
- min_value:  1
- mean_value:  457.4944751381216
- std_value:  3824.7785321441893
