- num_of_samples:  1989
- max_value:  980
- min_value:  2
- mean_value:  216.97234791352437
- std_value:  100.38547994996055
