- num_of_samples:  19933
- max_value:  1017
- min_value:  2
- mean_value:  220.42266593086842
- std_value:  100.69003834929721
