- num_of_samples:  1989
- max_value:  1021
- min_value:  2
- mean_value:  224.2599296128708
- std_value:  106.52220755343171
