- num_of_samples:  9
- max_value:  14279
- min_value:  842
- mean_value:  4912.444444444444
- std_value:  3887.3577176137724
