- num_of_samples:  198
- max_value:  15121
- min_value:  692
- mean_value:  4134.282828282829
- std_value:  3708.690969585758
