- num_of_samples:  9
- max_value:  12222
- min_value:  709
- mean_value:  4102.555555555556
- std_value:  3477.7783812566036
