- num_of_samples:  90
- max_value:  12789
- min_value:  696
- mean_value:  3966.088888888889
- std_value:  3498.4665518368165
