- num_of_samples:  9
- max_value:  23334
- min_value:  1488
- mean_value:  7688.666666666667
- std_value:  6650.356331305364
