- num_of_samples:  880
- max_value:  7876
- min_value:  14
- mean_value:  1065.8693181818182
- std_value:  1334.274809830994
