- num_of_samples:  190
- max_value:  32386
- min_value:  39
- mean_value:  6116.442105263158
- std_value:  10385.39305362234
