- num_of_samples:  19
- max_value:  33957
- min_value:  39
- mean_value:  6747.789473684211
- std_value:  11639.234852673035
