- num_of_samples:  19
- max_value:  54852
- min_value:  93
- mean_value:  10291.736842105263
- std_value:  16751.838428071755
