- num_of_samples:  19
- max_value:  31936
- min_value:  39
- mean_value:  6178.526315789473
- std_value:  10507.882311406049
