- num_of_samples:  418
- max_value:  35115
- min_value:  39
- mean_value:  6256.631578947368
- std_value:  10595.362508307478
