- num_of_samples:  178
- max_value:  81426
- min_value:  22
- mean_value:  1306.258426966292
- std_value:  6181.036760838224
