- num_of_samples:  3916
- max_value:  86042
- min_value:  21
- mean_value:  1323.6404494382023
- std_value:  6279.678300327647
