- num_of_samples:  178
- max_value:  173943
- min_value:  42
- mean_value:  2590.2696629213483
- std_value:  13107.562236832997
