- num_of_samples:  1780
- max_value:  86584
- min_value:  21
- mean_value:  1290.9235955056179
- std_value:  6228.121722090344
