- num_of_samples:  178
- max_value:  82968
- min_value:  23
- mean_value:  1516.6179775280898
- std_value:  6347.388886328263
