- num_of_samples:  300
- max_value:  2772
- min_value:  1
- mean_value:  283.11333333333334
- std_value:  312.1403645085902
