- num_of_samples:  300
- max_value:  2772
- min_value:  1
- mean_value:  295.62333333333333
- std_value:  308.528704427247
