- num_of_samples:  300
- max_value:  2774
- min_value:  175
- mean_value:  475.93333333333334
- std_value:  501.071760218922
