- num_of_samples:  3000
- max_value:  2832
- min_value:  1
- mean_value:  283.2816666666667
- std_value:  317.3543104017268
