- num_of_samples:  6600
- max_value:  2815
- min_value:  1
- mean_value:  289.84742424242427
- std_value:  322.2106015025548
