- num_of_samples:  6600
- max_value:  4051
- min_value:  16
- mean_value:  117.37621212121212
- std_value:  257.4666500513849
