- num_of_samples:  3000
- max_value:  3415
- min_value:  16
- mean_value:  112.60566666666666
- std_value:  244.15404734420346
