- num_of_samples:  300
- max_value:  3407
- min_value:  17
- mean_value:  117.88333333333334
- std_value:  245.8406185361203
