- num_of_samples:  300
- max_value:  3407
- min_value:  17
- mean_value:  141.21333333333334
- std_value:  277.7866588269174
